exec_time_sec
113.23146591195837
